Block 63, type A, key 484558414354 :00  00  00  00  00  00  07  87  8f  00  00  00  00  00  00  00  
Block 62, type A, key 484558414354 :6e  65  20  70  61  73  20  75  74  69  6c  69  73  65  72  2e  
Block 61, type A, key 484558414354 :64  65  70  6f  74  20  6c  65  67  61  6c  20  49  4e  50  49  
Block 60, type A, key 484558414354 :48  45  58  41  43  54  20  2d  00  43  4f  47  45  4c  45  43  
Block 59, type A, key 484558414354 :00  00  00  00  00  00  78  77  88  00  00  00  00  00  00  00  
Block 58, type A, key 484558414354 :00  00  00  00  00  00  00  00  00  00  00  00  00  00  00  00  
Block 57, type A, key 484558414354 :00  00  00  00  00  00  00  00  00  00  00  00  00  00  00  00  
Block 56, type A, key 484558414354 :b0  05  93  c8  7c  89  f1  a1  f7  4e  9d  11  3f  7e  fd  fb  
Block 55, type A, key 484558414354 :00  00  00  00  00  00  78  77  88  00  00  00  00  00  00  00  
Block 54, type A, key 484558414354 :00  00  00  00  00  00  00  00  00  00  00  00  00  00  00  00  
Block 53, type A, key 484558414354 :00  00  00  00  00  00  00  00  00  00  00  00  00  00  00  00  
Block 52, type A, key 484558414354 :00  00  00  00  00  00  00  00  00  00  00  00  00  00  00  00  
Block 51, type A, key 484558414354 :00  00  00  00  00  00  78  77  88  00  00  00  00  00  00  00  
Block 50, type A, key 484558414354 :00  00  00  00  00  00  00  00  00  00  00  00  00  00  00  00  
Block 49, type A, key 484558414354 :00  00  00  00  00  00  00  00  00  00  00  00  00  00  00  00  
Block 48, type A, key 484558414354 :00  00  00  00  00  00  00  00  00  00  00  00  00  00  00  00  
Block 47, type A, key 484558414354 :00  00  00  00  00  00  78  77  88  00  00  00  00  00  00  00  
Block 46, type A, key 484558414354 :00  00  00  00  00  00  00  00  00  00  00  00  00  00  00  00  
Block 45, type A, key 484558414354 :00  00  00  00  00  00  00  00  00  00  00  00  00  00  00  00  
Block 44, type A, key 484558414354 :00  00  00  00  00  00  00  00  00  00  00  00  00  00  00  00  
Block 43, type A, key 484558414354 :00  00  00  00  00  00  78  77  88  00  00  00  00  00  00  00  
Block 42, type A, key 484558414354 :00  00  00  00  00  00  00  00  00  00  00  00  00  00  00  00  
Block 40, type A, key 484558414354 :00  00  00  00  00  00  00  00  00  00  00  00  00  00  00  00  
Block 39, type A, key 484558414354 :00  00  00  00  00  00  78  77  88  00  00  00  00  00  00  00  
Block 37, type A, key 484558414354 :00  00  00  00  00  00  00  00  00  00  00  00  00  00  00  00  
Block 36, type A, key 484558414354 :00  00  00  00  00  00  00  00  00  00  00  00  00  00  00  00  
Block 35, type A, key 484558414354 :00  00  00  00  00  00  78  77  88  00  00  00  00  00  00  00  
Block 34, type A, key 484558414354 :00  00  00  00  00  00  00  00  00  00  00  00  00  00  00  00  
Block 33, type A, key 484558414354 :00  00  00  00  00  00  00  00  00  00  00  00  00  00  00  00  
Block 32, type A, key 484558414354 :00  00  00  00  00  00  00  00  00  00  00  00  00  00  00  00  
Block 31, type A, key 484558414354 :00  00  00  00  00  00  78  77  88  00  00  00  00  00  00  00  
Block 30, type A, key 484558414354 :00  00  00  00  00  00  00  00  00  00  00  00  00  00  00  00  
Block 29, type A, key 484558414354 :00  00  00  00  00  00  00  00  00  00  00  00  00  00  00  00  
Block 28, type A, key 484558414354 :00  00  00  00  00  00  00  00  00  00  00  00  00  00  00  00  
Block 27, type A, key 484558414354 :00  00  00  00  00  00  78  77  88  00  00  00  00  00  00  00  
Block 26, type A, key 484558414354 :00  00  00  00  00  00  00  00  00  00  00  00  00  00  00  00  
Block 25, type A, key 484558414354 :00  00  00  00  00  00  00  00  00  00  00  00  00  00  00  00  
Block 24, type A, key 484558414354 :00  00  00  00  00  00  00  00  00  00  00  00  00  00  00  00  
Block 23, type A, key 484558414354 :00  00  00  00  00  00  78  77  88  00  00  00  00  00  00  00  
Block 22, type A, key 484558414354 :00  00  00  00  00  00  00  00  00  00  00  00  00  00  00  00  
Block 21, type A, key 484558414354 :00  00  00  00  00  00  00  00  00  00  00  00  00  00  00  00  
Block 20, type A, key 484558414354 :00  00  00  00  00  00  00  00  00  00  00  00  00  00  00  00  
Block 19, type A, key 484558414354 :00  00  00  00  00  00  70  f7  88  00  00  00  00  00  00  00  
Block 18, type A, key 484558414354 :00  00  00  00  00  00  00  00  00  00  00  00  00  00  00  00  
Block 17, type A, key 484558414354 :00  00  00  00  00  00  00  00  00  00  00  00  00  00  00  00  
Block 16, type A, key 484558414354 :00  00  00  00  00  00  00  00  00  00  00  00  00  00  00  00  
Block 15, type A, key 484558414354 :00  00  00  00  00  00  70  f7  88  00  00  00  00  00  00  00  
Block 14, type A, key 484558414354 :00  00  00  00  00  00  00  00  00  00  00  00  00  00  00  00  
Block 13, type A, key 484558414354 :00  00  00  00  00  00  00  00  00  00  00  00  00  00  00  00  
Block 12, type A, key 484558414354 :00  00  00  00  00  00  00  00  00  00  00  00  00  00  00  00  
Block 11, type A, key 484558414354 :00  00  00  00  00  00  70  f7  88  00  00  00  00  00  00  00  
Block 10, type A, key 484558414354 :00  00  00  00  00  00  00  00  00  00  00  00  00  00  00  00  
Block 09, type A, key 484558414354 :00  00  00  00  00  00  00  00  00  00  00  00  00  00  00  00  
Block 08, type A, key 484558414354 :00  00  00  00  00  00  00  00  00  00  00  00  00  00  00  00  
Block 07, type A, key 484558414354 :00  00  00  00  00  00  70  f7  88  00  00  00  00  00  00  00  
Block 06, type A, key 484558414354 :00  00  00  00  00  00  00  00  00  00  00  00  00  00  00  00  
Block 05, type A, key 484558414354 :00  00  00  00  00  00  00  00  00  00  00  00  00  00  00  00  
Block 04, type A, key 484558414354 :00  00  00  00  00  00  00  00  00  00  00  00  00  00  00  00  
Block 03, type A, key 484558414354 :00  00  00  00  00  00  71  e7  88  00  00  00  00  00  00  00  
Block 02, type A, key 484558414354 :00  00  00  00  00  00  00  00  00  00  00  00  00  00  00  00  
Block 01, type A, key 484558414354 :00  00  00  00  00  00  00  00  00  00  00  00  00  00  00  00  
Block 00, type A, key 484558414354 :f3  41  1b  71  d8  88  04  00  c8  47  00  20  00  00  00  15 